
10 -0.129134722 -0.00394166664
10 -0.129134722 -0.128852778
10 -0.129134722 -0.136736111
13 -0.1532475 -0.136736111
13 -0.1532475 -0.261647222
13 -0.1532475 -0.269530556
16 -0.204486944 -0.269530556
16 -0.204486944 -0.394441667
16 -0.0795758333 -0.394441667
17 -0.0532186111 -0.394441667
17 0.0716925001 -0.394441667
18 0.0795758333 -0.394441667
18 0.204486944 -0.394441667
18 0.204486944 -0.269530556
18 0.204486944 -0.261647222
15 0.255726389 -0.261647222
15 0.255726389 -0.136736111
15 0.255726389 -0.128852778
12 0.279839167 -0.128852778
12 0.279839167 -0.00394166664
3 0.279839167 0.00394166664
3 0.279839167 0.128852778
6 0.255726389 0.128852778
6 0.255726389 0.136736111
6 0.255726389 0.261647222
9 0.204486944 0.261647222
9 0.204486944 0.269530556
9 0.204486944 0.394441667
9 0.0795758333 0.394441667
8 0.0716925001 0.394441667
8 -0.0532186111 0.394441667
7 -0.0795758333 0.394441667
7 -0.204486944 0.394441667
7 -0.204486944 0.269530556
4 -0.1532475 0.269530556
4 -0.1532475 0.261647222
4 -0.1532475 0.136736111
1 -0.129134722 0.136736111
1 -0.129134722 0.128852778
1 -0.129134722 0.00394166664
10 -0.129134722 -0.00394166664

10 -0.129134722 -0.00394166664
10 -0.129134722 -0.128852778
10 -0.129134722 -0.136736111
13 -0.1532475 -0.136736111
13 -0.1532475 -0.261647222
13 -0.1532475 -0.269530556
16 -0.204486944 -0.269530556
16 -0.204486944 -0.394441667
16 -0.0795758333 -0.394441667
17 -0.0532186111 -0.394441667
17 0.0716925001 -0.394441667
18 0.0795758333 -0.394441667
18 0.204486944 -0.394441667
18 0.204486944 -0.269530556
18 0.204486944 -0.261647222
15 0.255726389 -0.261647222
15 0.255726389 -0.136736111
15 0.255726389 -0.128852778
12 0.279839167 -0.128852778
12 0.279839167 -0.00394166664
3 0.279839167 0.00394166664
3 0.279839167 0.128852778
6 0.255726389 0.128852778
6 0.255726389 0.136736111
6 0.255726389 0.261647222
9 0.204486944 0.261647222
9 0.204486944 0.269530556
9 0.204486944 0.394441667
9 0.0795758333 0.394441667
8 0.0716925001 0.394441667
8 -0.0532186111 0.394441667
7 -0.0795758333 0.394441667
7 -0.204486944 0.394441667
7 -0.204486944 0.269530556
4 -0.1532475 0.269530556
4 -0.1532475 0.261647222
4 -0.1532475 0.136736111
1 -0.129134722 0.136736111
1 -0.129134722 0.128852778
1 -0.129134722 0.00394166664
10 -0.129134722 -0.00394166664
