
10 -0.00422361104 -0.128852778
10 -0.129134722 -0.128852778
10 -0.129134722 -0.00394166664
10 -0.00422361104 -0.00394166664
10 -0.00422361104 -0.128852778

11 0.147044722 -0.128852778
11 0.0221336111 -0.128852778
11 0.0221336111 -0.00394166664
11 0.147044722 -0.00394166664
11 0.147044722 -0.128852778

12 0.279839167 -0.128852778
12 0.154928056 -0.128852778
12 0.154928056 -0.00394166664
12 0.279839167 -0.00394166664
12 0.279839167 -0.128852778

13 -0.0283363888 -0.261647222
13 -0.1532475 -0.261647222
13 -0.1532475 -0.136736111
13 -0.0283363888 -0.136736111
13 -0.0283363888 -0.261647222

14 0.122931944 -0.261647222
14 -0.00197916666 -0.261647222
14 -0.00197916666 -0.136736111
14 0.122931944 -0.136736111
14 0.122931944 -0.261647222

15 0.255726389 -0.261647222
15 0.130815278 -0.261647222
15 0.130815278 -0.136736111
15 0.255726389 -0.136736111
15 0.255726389 -0.261647222

16 -0.0795758333 -0.394441667
16 -0.204486944 -0.394441667
16 -0.204486944 -0.269530556
16 -0.0795758333 -0.269530556
16 -0.0795758333 -0.394441667

17 0.0716925001 -0.394441667
17 -0.0532186111 -0.394441667
17 -0.0532186111 -0.269530556
17 0.0716925001 -0.269530556
17 0.0716925001 -0.394441667

18 0.204486944 -0.394441667
18 0.0795758333 -0.394441667
18 0.0795758333 -0.269530556
18 0.204486944 -0.269530556
18 0.204486944 -0.394441667

1 -0.00422361104 0.00394166664
1 -0.129134722 0.00394166664
1 -0.129134722 0.128852778
1 -0.00422361104 0.128852778
1 -0.00422361104 0.00394166664

2 0.147044722 0.00394166664
2 0.0221336111 0.00394166664
2 0.0221336111 0.128852778
2 0.147044722 0.128852778
2 0.147044722 0.00394166664

3 0.279839167 0.00394166664
3 0.154928056 0.00394166664
3 0.154928056 0.128852778
3 0.279839167 0.128852778
3 0.279839167 0.00394166664

4 -0.0283363888 0.136736111
4 -0.1532475 0.136736111
4 -0.1532475 0.261647222
4 -0.0283363888 0.261647222
4 -0.0283363888 0.136736111

5 0.122931944 0.136736111
5 -0.00197916666 0.136736111
5 -0.00197916666 0.261647222
5 0.122931944 0.261647222
5 0.122931944 0.136736111

6 0.255726389 0.136736111
6 0.130815278 0.136736111
6 0.130815278 0.261647222
6 0.255726389 0.261647222
6 0.255726389 0.136736111

7 -0.0795758333 0.269530556
7 -0.204486944 0.269530556
7 -0.204486944 0.394441667
7 -0.0795758333 0.394441667
7 -0.0795758333 0.269530556

8 0.0716925001 0.269530556
8 -0.0532186111 0.269530556
8 -0.0532186111 0.394441667
8 0.0716925001 0.394441667
8 0.0716925001 0.269530556

9 0.204486944 0.269530556
9 0.0795758333 0.269530556
9 0.0795758333 0.394441667
9 0.204486944 0.394441667
9 0.204486944 0.269530556

