#Slew angle, degr	Slew + settle time+3.08s reset +3.04 reference
0.025031111 25.0267
0.035031111 26.2961
0.045031111 27.3952
0.055031111 28.3788
0.065031111 29.2772
0.075031111 30.1095
0.085031111 30.8887
0.095031111 31.6238
0.105031111 32.3216
0.115031111 32.9874
0.125031111 33.6253
0.135031111 34.2386
0.145031111 34.8298
0.155031111 35.4014
0.165031111 35.9551
0.175031111 36.4926
0.185031111 37.0152
0.195031111 37.5241
0.205031111 38.0205
0.215031111 38.505
0.225031111 38.9787
0.235031111 39.4422
0.245031111 39.8961
0.255031111 40.3411
0.265031111 40.7776
0.275031111 41.2061
0.285031111 41.6271
0.295031111 42.041
0.305031111 42.448
0.315031111 42.8487
0.325031111 43.2431
0.335031111 43.6317
0.345031111 44.0147
0.355031111 44.3923
0.365031111 44.7647
0.375031111 45.1323
0.385031111 45.4951
0.395031111 45.8533
0.405031111 46.2072
0.415031111 46.5568
0.425031111 46.9024
0.435031111 47.244
0.445031111 47.5819
0.455031111 47.9161
0.465031111 48.2468
0.475031111 48.574
0.485031111 48.8979
0.495031111 49.2186
0.505031111 49.5361
0.515031111 49.8507
0.525031111 50.1623
0.535031111 50.471
0.545031111 50.7769
0.555031111 51.0802
0.565031111 51.3808
0.575031111 51.6789
0.585031111 51.9744
0.595031111 52.2676
0.605031111 52.5583
0.615031111 52.8468
0.625031111 53.133
0.635031111 53.417
0.645031111 53.6988
0.655031111 53.9786
0.665031111 54.2563
0.675031111 54.532
0.685031111 54.8057
0.695031111 55.0775
0.705031111 55.3475
0.715031111 55.6156
0.725031111 55.8819
0.735031111 56.1464
0.745031111 56.4092
0.755031111 56.6703
0.765031111 56.9298
0.775031111 57.1876
0.785031111 57.4439
0.795031111 57.6986
0.805031111 57.9517
0.815031111 58.2034
0.825031111 58.4535
0.835031111 58.7023
0.845031111 58.9495
0.855031111 59.1954
0.865031111 59.44
0.875031111 59.6831
0.885031111 59.9249
0.895031111 60.1655
0.905031111 60.4047
0.915031111 60.6427
0.925031111 60.8794
0.935031111 61.115
0.945031111 61.3493
0.955031111 61.5824
0.965031111 61.8144
0.975031111 62.0452
0.985031111 62.2749
0.995031111 62.5035
1.005031111 62.7309
1.105031111 64.9489
1.205031111 67.0751
1.305031111 69.1751
1.405031111 71.2751
1.505031111 73.3751
1.605031111 75.4751
1.705031111 77.5751
1.805031111 79.6751
1.905031111 81.7751
2.005031111 83.8751
2.105031111 85.9751
2.205031111 88.0751
2.305031111 90.1751
2.405031111 92.2751
2.505031111 94.3751
2.605031111 96.4751
2.705031111 98.5751
2.805031111 100.675
2.905031111 102.775
3.005031111 104.875
3.105031111 106.975
3.205031111 109.075
3.305031111 111.175
3.405031111 113.275
3.505031111 115.375
3.605031111 117.475
3.705031111 119.575
3.805031111 121.675
3.905031111 123.775
4.005031111 125.875
4.105031111 127.975
4.205031111 130.075
4.305031111 132.175
4.405031111 134.275
4.505031111 136.375
4.605031111 138.475
4.705031111 140.575
4.805031111 142.675
4.905031111 144.775
5.005031111 146.875
5.105031111 148.975
5.205031111 151.075
5.305031111 153.175
5.405031111 155.275
5.505031111 157.375
5.605031111 159.475
5.705031111 161.575
5.805031111 163.675
5.905031111 165.775
6.005031111 167.875
6.105031111 169.975
6.205031111 172.075
6.305031111 174.175
6.405031111 176.275
6.505031111 178.375
6.605031111 180.475
6.705031111 182.575
6.805031111 184.675
6.905031111 186.775
7.005031111 188.875
7.105031111 190.975
7.205031111 193.075
7.305031111 195.175
7.405031111 197.275
7.505031111 199.375
7.605031111 201.475
7.705031111 203.575
7.805031111 205.675
7.905031111 207.775
8.005031111 209.875
8.105031111 211.975
8.205031111 214.075
8.305031111 216.175
8.405031111 218.275
8.505031111 220.375
8.605031111 222.475
8.705031111 224.575
8.805031111 226.675
8.905031111 228.775
9.005031111 230.875
9.105031111 232.975
9.205031111 235.075
9.305031111 237.175
9.405031111 239.275
9.505031111 241.375
9.605031111 243.475
9.705031111 245.575
9.805031111 247.675
9.905031111 249.775
10.00503111 251.87
10.10503111 253.87
10.20503111 255.87
10.30503111 257.87
10.40503111 259.87
10.50503111 261.87
10.60503111 263.87
10.70503111 265.87
10.80503111 267.87
10.90503111 269.87
11.00503111 271.87
11.10503111 273.87
11.20503111 275.87
11.30503111 277.87
11.40503111 279.87
11.50503111 281.87
11.60503111 283.87
11.70503111 285.87
11.80503111 287.87
11.90503111 289.87
12.00503111 291.87
12.10503111 293.87
12.20503111 295.87
12.30503111 297.87
12.40503111 299.87
12.50503111 301.87
12.60503111 303.87
12.70503111 305.87
12.80503111 307.87
12.90503111 309.87
13.00503111 311.87
13.10503111 313.87
13.20503111 315.87
13.30503111 317.87
13.40503111 319.87
13.50503111 321.87
13.60503111 323.87
13.70503111 325.87
13.80503111 327.87
13.90503111 329.87
14.00503111 331.87
14.10503111 333.87
14.20503111 335.87
14.30503111 337.87
14.40503111 339.87
14.50503111 341.87
14.60503111 343.87
14.70503111 345.87
14.80503111 347.87
14.90503111 349.87
15.00503111 351.87
15.10503111 353.87
15.20503111 355.87
15.30503111 357.87
15.40503111 359.87
15.50503111 361.87
15.60503111 363.87
15.70503111 365.87
15.80503111 367.87
15.90503111 369.87
16.00503111 371.87
16.10503111 373.87
16.20503111 375.87
16.30503111 377.87
16.40503111 379.87
16.50503111 381.87
16.60503111 383.87
16.70503111 385.87
16.80503111 387.87
16.90503111 389.87
17.00503111 391.87
17.10503111 393.87
17.20503111 395.87
17.30503111 397.87
17.40503111 399.87
17.50503111 401.87
17.60503111 403.87
17.70503111 405.87
17.80503111 407.87
17.90503111 409.87
18.00503111 411.87
18.10503111 413.87
18.20503111 415.87
18.30503111 417.87
18.40503111 419.87
18.50503111 421.87
18.60503111 423.87
18.70503111 425.87
18.80503111 427.87
18.90503111 429.87
19.00503111 431.87
19.10503111 433.87
19.20503111 435.87
19.30503111 437.87
19.40503111 439.87
19.50503111 441.87
19.60503111 443.87
19.70503111 445.87
19.80503111 447.87
19.90503111 449.87
20.00503111 451.87
20.10503111 453.87
20.20503111 455.87
20.30503111 457.87
20.40503111 459.87
20.50503111 461.87
20.60503111 463.87
20.70503111 465.87
20.80503111 467.87
20.90503111 469.87
21.00503111 471.87
21.10503111 473.87
21.20503111 475.87
21.30503111 477.87
21.40503111 479.87
21.50503111 481.87
21.60503111 483.87
21.70503111 485.87
21.80503111 487.87
21.90503111 489.87
22.00503111 491.87
22.10503111 493.87
22.20503111 495.87
22.30503111 497.87
22.40503111 499.87
22.50503111 501.87
22.60503111 503.87
22.70503111 505.87
22.80503111 507.87
22.90503111 509.87
23.00503111 511.87
23.10503111 513.87
23.20503111 515.87
23.30503111 517.87
23.40503111 519.87
23.50503111 521.87
23.60503111 523.87
23.70503111 525.87
23.80503111 527.87
23.90503111 529.87
24.00503111 531.87
24.10503111 533.87
24.20503111 535.87
24.30503111 537.87
24.40503111 539.87
24.50503111 541.87
24.60503111 543.87
24.70503111 545.87
24.80503111 547.87
24.90503111 549.87
25.00503111 551.87
25.10503111 553.87
25.20503111 555.87
25.30503111 557.87
25.40503111 559.87
25.50503111 561.87
25.60503111 563.87
25.70503111 565.87
25.80503111 567.87
25.90503111 569.87
26.00503111 571.87
26.10503111 573.87
26.20503111 575.87
26.30503111 577.87
26.40503111 579.87
26.50503111 581.87
26.60503111 583.87
26.70503111 585.87
26.80503111 587.87
26.90503111 589.87
27.00503111 591.87
27.10503111 593.87
27.20503111 595.87
27.30503111 597.87
27.40503111 599.87
27.50503111 601.87
27.60503111 603.87
27.70503111 605.87
27.80503111 607.87
27.90503111 609.87
28.00503111 611.87
28.10503111 613.87
28.20503111 615.87
28.30503111 617.87
28.40503111 619.87
28.50503111 621.87
28.60503111 623.87
28.70503111 625.87
28.80503111 627.87
28.90503111 629.87
29.00503111 631.87
29.10503111 633.87
29.20503111 635.87
29.30503111 637.87
29.40503111 639.87
29.50503111 641.87
29.60503111 643.87
29.70503111 645.87
29.80503111 647.87
29.90503111 649.87
30.00503111 651.87
30.10503111 653.87
30.20503111 655.87
30.30503111 657.87
30.40503111 659.87
30.50503111 661.87
30.60503111 663.87
30.70503111 665.87
30.80503111 667.87
30.90503111 669.87
31.00503111 671.87
31.10503111 673.87
31.20503111 675.87
31.30503111 677.87
31.40503111 679.87
31.50503111 681.87
31.60503111 683.87
31.70503111 685.87
31.80503111 687.87
31.90503111 689.87
32.00503111 691.87
32.10503111 693.87
32.20503111 695.87
32.30503111 697.87
32.40503111 699.87
32.50503111 701.87
32.60503111 703.87
32.70503111 705.87
32.80503111 707.87
32.90503111 709.87
33.00503111 711.87
33.10503111 713.87
33.20503111 715.87
33.30503111 717.87
33.40503111 719.87
33.50503111 721.87
33.60503111 723.87
33.70503111 725.87
33.80503111 727.87
33.90503111 729.87
34.00503111 731.87
34.10503111 733.87
34.20503111 735.87
34.30503111 737.87
34.40503111 739.87
34.50503111 741.87
34.60503111 743.87
34.70503111 745.87
34.80503111 747.87
34.90503111 749.87
35.00503111 751.87
35.10503111 753.87
35.20503111 755.87
35.30503111 757.87
35.40503111 759.87
35.50503111 761.87
35.60503111 763.87
35.70503111 765.87
35.80503111 767.87
35.90503111 769.87
36.00503111 771.87
36.10503111 773.87
36.20503111 775.87
36.30503111 777.87
36.40503111 779.87
36.50503111 781.87
36.60503111 783.87
36.70503111 785.87
36.80503111 787.87
36.90503111 789.87
37.00503111 791.87
37.10503111 793.87
37.20503111 795.87
37.30503111 797.87
37.40503111 799.87
37.50503111 801.87
37.60503111 803.87
37.70503111 805.87
37.80503111 807.87
37.90503111 809.87
38.00503111 811.87
38.10503111 813.87
38.20503111 815.87
38.30503111 817.87
38.40503111 819.87
38.50503111 821.87
38.60503111 823.87
38.70503111 825.87
38.80503111 827.87
38.90503111 829.87
39.00503111 831.87
39.10503111 833.87
39.20503111 835.87
39.30503111 837.87
39.40503111 839.87
39.50503111 841.87
39.60503111 843.87
39.70503111 845.87
39.80503111 847.87
39.90503111 849.87
40.00503111 851.87
40.10503111 853.87
40.20503111 855.87
40.30503111 857.87
40.40503111 859.87
40.50503111 861.87
40.60503111 863.87
40.70503111 865.87
40.80503111 867.87
40.90503111 869.87
41.00503111 871.87
41.10503111 873.87
41.20503111 875.87
41.30503111 877.87
41.40503111 879.87
41.50503111 881.87
41.60503111 883.87
41.70503111 885.87
41.80503111 887.87
41.90503111 889.87
42.00503111 891.87
42.10503111 893.87
42.20503111 895.87
42.30503111 897.87
42.40503111 899.87
42.50503111 901.87
42.60503111 903.87
42.70503111 905.87
42.80503111 907.87
42.90503111 909.87
43.00503111 911.87
43.10503111 913.87
43.20503111 915.87
43.30503111 917.87
43.40503111 919.87
43.50503111 921.87
43.60503111 923.87
43.70503111 925.87
43.80503111 927.87
43.90503111 929.87
44.00503111 931.87
44.10503111 933.87
44.20503111 935.87
44.30503111 937.87
44.40503111 939.87
44.50503111 941.87
44.60503111 943.87
44.70503111 945.87
44.80503111 947.87
44.90503111 949.87
45.00503111 951.87
45.10503111 953.87
45.20503111 955.87
45.30503111 957.87
45.40503111 959.87
45.50503111 961.87
45.60503111 963.87
45.70503111 965.87
45.80503111 967.87
45.90503111 969.87
46.00503111 971.87
46.10503111 973.87
46.20503111 975.87
46.30503111 977.87
46.40503111 979.87
46.50503111 981.87
46.60503111 983.87
46.70503111 985.87
46.80503111 987.87
46.90503111 989.87
47.00503111 991.87
47.10503111 993.87
47.20503111 995.87
47.30503111 997.87
47.40503111 999.87
47.50503111 1001.87
47.60503111 1003.87
47.70503111 1005.87
47.80503111 1007.87
47.90503111 1009.87
48.00503111 1011.87
48.10503111 1013.87
48.20503111 1015.87
48.30503111 1017.87
48.40503111 1019.87
48.50503111 1021.87
48.60503111 1023.87
48.70503111 1025.87
48.80503111 1027.87
48.90503111 1029.87
49.00503111 1031.87
49.10503111 1033.87
49.20503111 1035.87
49.30503111 1037.87
49.40503111 1039.87
49.50503111 1041.87
49.60503111 1043.87
49.70503111 1045.87
49.80503111 1047.87
49.90503111 1049.87
50.00503111 1051.87
50.10503111 1053.87
50.20503111 1055.87
50.30503111 1057.87
50.40503111 1059.87
50.50503111 1061.87
50.60503111 1063.87
50.70503111 1065.87
50.80503111 1067.87
50.90503111 1069.87
51.00503111 1071.87
51.10503111 1073.87
51.20503111 1075.87
51.30503111 1077.87
51.40503111 1079.87
51.50503111 1081.87
51.60503111 1083.87
51.70503111 1085.87
51.80503111 1087.87
51.90503111 1089.87
52.00503111 1091.87
52.10503111 1093.87
52.20503111 1095.87
52.30503111 1097.87
52.40503111 1099.87
52.50503111 1101.87
52.60503111 1103.87
52.70503111 1105.87
52.80503111 1107.87
52.90503111 1109.87
53.00503111 1111.87
53.10503111 1113.87
53.20503111 1115.87
53.30503111 1117.87
53.40503111 1119.87
53.50503111 1121.87
53.60503111 1123.87
53.70503111 1125.87
53.80503111 1127.87
53.90503111 1129.87
54.00503111 1131.87
54.10503111 1133.87
54.20503111 1135.87
54.30503111 1137.87
54.40503111 1139.87
54.50503111 1141.87
54.60503111 1143.87
54.70503111 1145.87
54.80503111 1147.87
54.90503111 1149.87
55.00503111 1151.87
55.10503111 1153.87
55.20503111 1155.87
55.30503111 1157.87
55.40503111 1159.87
55.50503111 1161.87
55.60503111 1163.87
55.70503111 1165.87
55.80503111 1167.87
55.90503111 1169.87
56.00503111 1171.87
56.10503111 1173.87
56.20503111 1175.87
56.30503111 1177.87
56.40503111 1179.87
56.50503111 1181.87
56.60503111 1183.87
56.70503111 1185.87
56.80503111 1187.87
56.90503111 1189.87
57.00503111 1191.87
57.10503111 1193.87
57.20503111 1195.87
57.30503111 1197.87
57.40503111 1199.87
57.50503111 1201.87
57.60503111 1203.87
57.70503111 1205.87
57.80503111 1207.87
57.90503111 1209.87
58.00503111 1211.87
58.10503111 1213.87
58.20503111 1215.87
58.30503111 1217.87
58.40503111 1219.87
58.50503111 1221.87
58.60503111 1223.87
58.70503111 1225.87
58.80503111 1227.87
58.90503111 1229.87
59.00503111 1231.87
59.10503111 1233.87
59.20503111 1235.87
59.30503111 1237.87
59.40503111 1239.87
59.50503111 1241.87
59.60503111 1243.87
59.70503111 1245.87
59.80503111 1247.87
59.90503111 1249.87
60.00503111 1251.87
60.10503111 1253.87
60.20503111 1255.87
60.30503111 1257.87
60.40503111 1259.87
60.50503111 1261.87
60.60503111 1263.87
60.70503111 1265.87
60.80503111 1267.87
60.90503111 1269.87
61.00503111 1271.87
61.10503111 1273.87
61.20503111 1275.87
61.30503111 1277.87
61.40503111 1279.87
61.50503111 1281.87
61.60503111 1283.87
61.70503111 1285.87
61.80503111 1287.87
61.90503111 1289.87
62.00503111 1291.87
62.10503111 1293.87
62.20503111 1295.87
62.30503111 1297.87
62.40503111 1299.87
62.50503111 1301.87
62.60503111 1303.87
62.70503111 1305.87
62.80503111 1307.87
62.90503111 1309.87
63.00503111 1311.87
63.10503111 1313.87
63.20503111 1315.87
63.30503111 1317.87
63.40503111 1319.87
63.50503111 1321.87
63.60503111 1323.87
63.70503111 1325.87
63.80503111 1327.87
63.90503111 1329.87
64.00503111 1331.87
64.10503111 1333.87
64.20503111 1335.87
64.30503111 1337.87
64.40503111 1339.87
64.50503111 1341.87
64.60503111 1343.87
64.70503111 1345.87
64.80503111 1347.87
64.90503111 1349.87
65.00503111 1351.87
65.10503111 1353.87
65.20503111 1355.87
65.30503111 1357.87
65.40503111 1359.87
65.50503111 1361.87
65.60503111 1363.87
65.70503111 1365.87
65.80503111 1367.87
65.90503111 1369.87
66.00503111 1371.87
66.10503111 1373.87
66.20503111 1375.87
66.30503111 1377.87
66.40503111 1379.87
66.50503111 1381.87
66.60503111 1383.87
66.70503111 1385.87
66.80503111 1387.87
66.90503111 1389.87
67.00503111 1391.87
67.10503111 1393.87
67.20503111 1395.87
67.30503111 1397.87
67.40503111 1399.87
67.50503111 1401.87
67.60503111 1403.87
67.70503111 1405.87
67.80503111 1407.87
67.90503111 1409.87
68.00503111 1411.87
68.10503111 1413.87
68.20503111 1415.87
68.30503111 1417.87
68.40503111 1419.87
68.50503111 1421.87
68.60503111 1423.87
68.70503111 1425.87
68.80503111 1427.87
68.90503111 1429.87
69.00503111 1431.87
69.10503111 1433.87
69.20503111 1435.87
69.30503111 1437.87
69.40503111 1439.87
69.50503111 1441.87
69.60503111 1443.87
69.70503111 1445.87
69.80503111 1447.87
69.90503111 1449.87
70.00503111 1451.87
70.10503111 1453.87
70.20503111 1455.87
70.30503111 1457.87
70.40503111 1459.87
70.50503111 1461.87
70.60503111 1463.87
70.70503111 1465.87
70.80503111 1467.87
70.90503111 1469.87
71.00503111 1471.87
71.10503111 1473.87
71.20503111 1475.87
71.30503111 1477.87
71.40503111 1479.87
71.50503111 1481.87
71.60503111 1483.87
71.70503111 1485.87
71.80503111 1487.87
71.90503111 1489.87
72.00503111 1491.87
72.10503111 1493.87
72.20503111 1495.87
72.30503111 1497.87
72.40503111 1499.87
72.50503111 1501.87
72.60503111 1503.87
72.70503111 1505.87
72.80503111 1507.87
72.90503111 1509.87
73.00503111 1511.87
73.10503111 1513.87
73.20503111 1515.87
73.30503111 1517.87
73.40503111 1519.87
73.50503111 1521.87
73.60503111 1523.87
73.70503111 1525.87
73.80503111 1527.87
73.90503111 1529.87
74.00503111 1531.87
74.10503111 1533.87
74.20503111 1535.87
74.30503111 1537.87
74.40503111 1539.87
74.50503111 1541.87
74.60503111 1543.87
74.70503111 1545.87
74.80503111 1547.87
74.90503111 1549.87
75.00503111 1551.87
75.10503111 1553.87
75.20503111 1555.87
75.30503111 1557.87
75.40503111 1559.87
75.50503111 1561.87
75.60503111 1563.87
75.70503111 1565.87
75.80503111 1567.87
75.90503111 1569.87
76.00503111 1571.87
76.10503111 1573.87
76.20503111 1575.87
76.30503111 1577.87
76.40503111 1579.87
76.50503111 1581.87
76.60503111 1583.87
76.70503111 1585.87
76.80503111 1587.87
76.90503111 1589.87
77.00503111 1591.87
77.10503111 1593.87
77.20503111 1595.87
77.30503111 1597.87
77.40503111 1599.87
77.50503111 1601.87
77.60503111 1603.87
77.70503111 1605.87
77.80503111 1607.87
77.90503111 1609.87
78.00503111 1611.87
78.10503111 1613.87
78.20503111 1615.87
78.30503111 1617.87
78.40503111 1619.87
78.50503111 1621.87
78.60503111 1623.87
78.70503111 1625.87
78.80503111 1627.87
78.90503111 1629.87
79.00503111 1631.87
79.10503111 1633.87
79.20503111 1635.87
79.30503111 1637.87
79.40503111 1639.87
79.50503111 1641.87
79.60503111 1643.87
79.70503111 1645.87
79.80503111 1647.87
79.90503111 1649.87
80.00503111 1651.87
80.10503111 1653.87
80.20503111 1655.87
80.30503111 1657.87
80.40503111 1659.87
80.50503111 1661.87
80.60503111 1663.87
80.70503111 1665.87
80.80503111 1667.87
80.90503111 1669.87
81.00503111 1671.87
81.10503111 1673.87
81.20503111 1675.87
81.30503111 1677.87
81.40503111 1679.87
81.50503111 1681.87
81.60503111 1683.87
81.70503111 1685.87
81.80503111 1687.87
81.90503111 1689.87
82.00503111 1691.87
82.10503111 1693.87
82.20503111 1695.87
82.30503111 1697.87
82.40503111 1699.87
82.50503111 1701.87
82.60503111 1703.87
82.70503111 1705.87
82.80503111 1707.87
82.90503111 1709.87
83.00503111 1711.87
83.10503111 1713.87
83.20503111 1715.87
83.30503111 1717.87
83.40503111 1719.87
83.50503111 1721.87
83.60503111 1723.87
83.70503111 1725.87
83.80503111 1727.87
83.90503111 1729.87
84.00503111 1731.87
84.10503111 1733.87
84.20503111 1735.87
84.30503111 1737.87
84.40503111 1739.87
84.50503111 1741.87
84.60503111 1743.87
84.70503111 1745.87
84.80503111 1747.87
84.90503111 1749.87
85.00503111 1751.87
85.10503111 1753.87
85.20503111 1755.87
85.30503111 1757.87
85.40503111 1759.87
85.50503111 1761.87
85.60503111 1763.87
85.70503111 1765.87
85.80503111 1767.87
85.90503111 1769.87
86.00503111 1771.87
86.10503111 1773.87
86.20503111 1775.87
86.30503111 1777.87
86.40503111 1779.87
86.50503111 1781.87
86.60503111 1783.87
86.70503111 1785.87
86.80503111 1787.87
86.90503111 1789.87
87.00503111 1791.87
87.10503111 1793.87
87.20503111 1795.87
87.30503111 1797.87
87.40503111 1799.87
87.50503111 1801.87
87.60503111 1803.87
87.70503111 1805.87
87.80503111 1807.87
87.90503111 1809.87
88.00503111 1811.87
88.10503111 1813.87
88.20503111 1815.87
88.30503111 1817.87
88.40503111 1819.87
88.50503111 1821.87
88.60503111 1823.87
88.70503111 1825.87
88.80503111 1827.87
88.90503111 1829.87
89.00503111 1831.87
89.10503111 1833.87
89.20503111 1835.87
89.30503111 1837.87
89.40503111 1839.87
89.50503111 1841.87
89.60503111 1843.87
89.70503111 1845.87
89.80503111 1847.87
89.90503111 1849.87
